# unique_bones 401
操作中心	1 0 -0 0 0 1 -0 0 0 0 1 0 0 0 -0 1
全ての親	1 0 -0 0 0 1 -0 0 0 0 1 0 0 0 -0 1
センター	1 0 -0 0 0 1 0 -7.004 0 0 1 0 0 0 -0 1
グルーブ	1 0 -0 0 0 1 0 -7.1791 0 0 1 0 0 0 -0 1
腰	1 0 -0 0 0 1 0 -10.1835 0 0 1 0.216349 0 0 -0 1
右足IK親	1 0 -0 0.784646 0 1 -0 0 0 0 1 0.269253 0 0 -0 1
右足ＩＫ	1 0 -0 0.784646 0 1 0 -1.11508 0 0 1 0.269253 0 0 -0 1
右つま先ＩＫ	1 0 -0 0.729509 0 1 0 -0.214028 0 0 1 -0.7768 0 0 -0 1
左足IK親	1 0 0 -0.784646 0 1 -0 0 0 0 1 0.269253 0 0 -0 1
左足ＩＫ	1 0 0 -0.784646 0 1 0 -1.11508 0 0 1 0.269253 0 0 -0 1
左つま先ＩＫ	1 0 0 -0.729509 0 1 0 -0.214028 0 0 1 -0.7768 0 0 -0 1
下半身	1 0 0 -2.61783e-16 0 1 0 -10.8175 0 0 1 -0.419147 0 0 -0 1
上半身	1 0 -0 5.55731e-16 0 1 0 -10.8531 0 0 1 -0.41843 0 0 -0 1
上半身1	1 0 -0 8.01093e-16 0 1 0 -11.7019 0 0 1 -0.424072 0 0 -0 1
上半身2	1 0 -0 1.03862e-15 0 1 0 -12.5773 0 0 1 -0.319609 0 0 -0 1
首	1 0 0 -6.46329e-15 0 1 0 -14.2446 0 0 1 0.141492 0 0 -0 1
頭	1 0 0 -6.58435e-15 0 1 0 -14.9464 0 0 1 0.0385448 0 0 -0 1
右肩P	1 0 -0 0.164715 0 1 0 -13.9429 0 0 1 0.15493 0 0 -0 1
右肩	1 0 -0 0.164715 0 1 0 -13.9429 0 0 1 0.15493 0 0 -0 1
右肩C	1 0 -0 1.0673 0 1 0 -13.8063 0 0 1 0.144232 0 0 -0 1
右腕	1 0 -0 1.0673 0 1 0 -13.8063 0 0 1 0.144232 0 0 -0 1
右腕捩	1 0 -0 2.15669 0 1 0 -12.7982 0 0 1 0.159224 0 0 -0 1
右腕捩1	1 0 -0 1.64831 0 1 0 -13.2686 0 0 1 0.152228 0 0 -0 1
右腕捩2	1 0 -0 2.01144 0 1 0 -12.9326 0 0 1 0.157225 0 0 -0 1
右腕捩3	1 0 -0 2.37457 0 1 0 -12.5966 0 0 1 0.162222 0 0 -0 1
右ひじ	1 0 -0 2.88295 0 1 0 -12.1262 0 0 1 0.177096 0 0 -0 1
右手捩	1 0 -0 3.94816 0 1 0 -11.2481 0 0 1 0.175349 0 0 -0 1
右手捩1	1 0 -0 3.45106 0 1 0 -11.6579 0 0 1 0.176164 0 0 -0 1
右手捩2	1 0 -0 3.80613 0 1 0 -11.3652 0 0 1 0.175582 0 0 -0 1
右手捩3	1 0 -0 4.1612 0 1 0 -11.0725 0 0 1 0.174999 0 0 -0 1
右手首	1 0 -0 4.65829 0 1 0 -10.6628 0 0 1 0.174184 0 0 -0 1
右ダミー	1 0 -0 4.81161 0 1 0 -10.223 0 0 1 0.174184 0 0 -0 1
右手先	1 0 -0 4.94443 0 1 0 -10.3507 0 0 1 0.167355 0 0 -0 1
右中指１	1 0 -0 5.27636 0 1 0 -10.1935 0 0 1 0.167715 0 0 -0 1
右中指２	1 0 -0 5.56113 0 1 0 -9.87049 0 0 1 0.163928 0 0 -0 1
右中指３	1 0 -0 5.74593 0 1 0 -9.68828 0 0 1 0.161103 0 0 -0 1
右人指１	1 0 -0 5.25522 0 1 0 -10.1604 0 0 1 -0.0372731 0 0 -0 1
右人指２	1 0 -0 5.5086 0 1 0 -9.87613 0 0 1 -0.0494935 0 0 -0 1
右人指３	1 0 -0 5.64908 0 1 0 -9.71642 0 0 1 -0.051616 0 0 -0 1
右親指０	1 0 -0 4.69044 0 1 0 -10.5038 0 0 1 -0.0760302 0 0 -0 1
右親指１	1 0 -0 4.87099 0 1 0 -10.2112 0 0 1 -0.231515 0 0 -0 1
右親指２	1 0 -0 4.9982 0 1 0 -9.96291 0 0 1 -0.327072 0 0 -0 1
右薬指１	1 0 -0 5.2247 0 1 0 -10.1793 0 0 1 0.344104 0 0 -0 1
右薬指２	1 0 -0 5.47412 0 1 0 -9.88178 0 0 1 0.362141 0 0 -0 1
右薬指３	1 0 -0 5.66724 0 1 0 -9.67599 0 0 1 0.364837 0 0 -0 1
右小指１	1 0 -0 5.10788 0 1 0 -10.1462 0 0 1 0.499959 0 0 -0 1
右小指２	1 0 -0 5.34223 0 1 0 -9.89317 0 0 1 0.539601 0 0 -0 1
右小指３	1 0 -0 5.48885 0 1 0 -9.74427 0 0 1 0.556063 0 0 -0 1
左肩P	1 0 0 -0.164715 0 1 0 -13.9429 0 0 1 0.15493 0 0 -0 1
左肩	1 0 0 -0.164715 0 1 0 -13.9429 0 0 1 0.15493 0 0 -0 1
左肩C	1 0 0 -1.0673 0 1 0 -13.8063 0 0 1 0.144232 0 0 -0 1
左腕	1 0 0 -1.0673 0 1 0 -13.8063 0 0 1 0.144232 0 0 -0 1
左腕捩	1 0 0 -2.15669 0 1 0 -12.7982 0 0 1 0.159655 0 0 -0 1
左腕捩1	1 0 0 -1.64831 0 1 0 -13.2686 0 0 1 0.152458 0 0 -0 1
左腕捩2	1 0 0 -2.01144 0 1 0 -12.9326 0 0 1 0.157599 0 0 -0 1
左腕捩3	1 0 0 -2.37457 0 1 0 -12.5966 0 0 1 0.16274 0 0 -0 1
左ひじ	1 0 0 -2.88295 0 1 0 -12.1262 0 0 1 0.177096 0 0 -0 1
左手捩	1 0 0 -3.94816 0 1 0 -11.2481 0 0 1 0.175349 0 0 -0 1
左手捩1	1 0 0 -3.45106 0 1 0 -11.6579 0 0 1 0.176164 0 0 -0 1
左手捩2	1 0 0 -3.80613 0 1 0 -11.3652 0 0 1 0.175582 0 0 -0 1
左手捩3	1 0 0 -4.1612 0 1 0 -11.0725 0 0 1 0.174999 0 0 -0 1
左手首	1 0 0 -4.65829 0 1 0 -10.6628 0 0 1 0.174184 0 0 -0 1
左ダミー	1 0 0 -4.81161 0 1 0 -10.223 0 0 1 0.174184 0 0 -0 1
左手先	1 0 0 -4.94443 0 1 0 -10.3507 0 0 1 0.167355 0 0 -0 1
左中指１	1 0 0 -5.27636 0 1 0 -10.1935 0 0 1 0.167715 0 0 -0 1
左中指２	1 0 0 -5.56113 0 1 0 -9.87049 0 0 1 0.163928 0 0 -0 1
左中指３	1 0 0 -5.74593 0 1 0 -9.68828 0 0 1 0.161103 0 0 -0 1
左人指１	1 0 0 -5.25522 0 1 0 -10.1604 0 0 1 -0.0372732 0 0 -0 1
左人指２	1 0 0 -5.5086 0 1 0 -9.87613 0 0 1 -0.0494935 0 0 -0 1
左人指３	1 0 0 -5.64908 0 1 0 -9.71642 0 0 1 -0.0516159 0 0 -0 1
左親指０	1 0 0 -4.69044 0 1 0 -10.5038 0 0 1 -0.0760302 0 0 -0 1
左親指１	1 0 0 -4.87099 0 1 0 -10.2112 0 0 1 -0.231515 0 0 -0 1
左親指２	1 0 0 -4.9982 0 1 0 -9.96291 0 0 1 -0.327072 0 0 -0 1
左薬指１	1 0 0 -5.2247 0 1 0 -10.1793 0 0 1 0.344104 0 0 -0 1
左薬指２	1 0 0 -5.47412 0 1 0 -9.88178 0 0 1 0.362141 0 0 -0 1
左薬指３	1 0 0 -5.66724 0 1 0 -9.67599 0 0 1 0.364837 0 0 -0 1
左小指１	1 0 0 -5.10788 0 1 0 -10.1462 0 0 1 0.499959 0 0 -0 1
左小指２	1 0 0 -5.34223 0 1 0 -9.89317 0 0 1 0.539601 0 0 -0 1
左小指３	1 0 0 -5.48886 0 1 0 -9.74427 0 0 1 0.556063 0 0 -0 1
腰キャンセル右	1 0 -0 0.739271 0 1 0 -9.76079 0 0 1 -0.216671 0 0 -0 1
右足	1 0 -0 0.739271 0 1 0 -9.76079 0 0 1 -0.216671 0 0 -0 1
右ひざ	1 0 -0 0.762768 0 1 0 -5.65968 0 0 1 -0.0510647 0 0 -0 1
右足首	1 0 -0 0.784646 0 1 0 -1.11508 0 0 1 0.269253 0 0 -0 1
右つま先	1 0 -0 0.729509 0 1 0 -0.214027 0 0 1 -0.7768 0 0 -0 1
腰キャンセル左	1 0 0 -0.739271 0 1 0 -9.76079 0 0 1 -0.216671 0 0 -0 1
左足	1 0 0 -0.739271 0 1 0 -9.76079 0 0 1 -0.216671 0 0 -0 1
左ひざ	1 0 0 -0.762768 0 1 0 -5.65968 0 0 1 -0.0510647 0 0 -0 1
左足首	1 0 0 -0.784646 0 1 0 -1.11508 0 0 1 0.269253 0 0 -0 1
左つま先	1 0 0 -0.729509 0 1 0 -0.214027 0 0 1 -0.7768 0 0 -0 1
右目	1 0 -0 0.317826 0 1 0 -15.6057 0 0 1 -0.468069 0 0 -0 1
右目先	1 0 -0 0.469136 0 1 0 -15.5951 0 0 1 -0.775664 0 0 -0 1
左目	1 0 0 -0.317826 0 1 0 -15.6057 0 0 1 -0.468069 0 0 -0 1
左目先	1 0 0 -0.469136 0 1 0 -15.5951 0 0 1 -0.775664 0 0 -0 1
両目	1 0 -0 0 0 1 0 -17.8786 0 0 1 -0.416261 0 0 -0 1
両目先	1 0 -0 6.05455e-06 0 1 0 -17.8775 0 0 1 -1.11808 0 0 -0 1
右胸	1 0 -0 0.579078 0 1 0 -12.9352 0 0 1 -0.212226 0 0 -0 1
右胸１	1 0 -0 0.579078 0 1 0 -12.9352 0 0 1 -0.665671 0 0 -0 1
左胸	1 0 0 -0.579078 0 1 0 -12.9352 0 0 1 -0.212226 0 0 -0 1
左胸１	1 0 0 -0.579078 0 1 0 -12.9352 0 0 1 -0.665671 0 0 -0 1
tongue_01	1 0 0 -3.89445e-15 0 1 0 -15.0124 0 0 1 -0.615465 0 0 -0 1
tongue_02	1 0 0 -2.95665e-15 0 1 0 -15.0139 0 0 1 -0.677159 0 0 -0 1
tongue_03	1 0 0 -2.01884e-15 0 1 0 -15.0153 0 0 1 -0.738853 0 0 -0 1
tongue_04	1 0 0 -1.08103e-15 0 1 0 -15.0168 0 0 1 -0.800548 0 0 -0 1
DownTeeth	1 0 0 -3.86014e-15 0 1 0 -14.9786 0 0 1 -0.78653 0 0 -0 1
UpTeeth	1 0 0 -3.87304e-15 0 1 0 -15.0501 0 0 1 -0.783386 0 0 -0 1
左親指先	1 0 0 -5.1085 0 1 0 -9.76577 0 0 1 -0.378572 0 0 -0 1
左人差指先	1 0 0 -5.81632 0 1 0 -9.55807 0 0 1 -0.0516159 0 0 -0 1
左中指先	1 0 0 -5.92633 0 1 0 -9.54511 0 0 1 0.161103 0 0 -0 1
左薬指先	1 0 0 -5.85944 0 1 0 -9.54909 0 0 1 0.364837 0 0 -0 1
左小指先	1 0 0 -5.68106 0 1 0 -9.61737 0 0 1 0.556063 0 0 -0 1
右親指先	1 0 -0 5.05829 0 1 0 -9.76138 0 0 1 -0.378572 0 0 -0 1
右人差指先	1 0 -0 5.81632 0 1 0 -9.55807 0 0 1 -0.051616 0 0 -0 1
右中指先	1 0 -0 5.92633 0 1 0 -9.54511 0 0 1 0.161103 0 0 -0 1
右薬指先	1 0 -0 5.85944 0 1 0 -9.54909 0 0 1 0.364837 0 0 -0 1
右小指先	1 0 -0 5.68106 0 1 0 -9.61737 0 0 1 0.556063 0 0 -0 1
右肩飾	1 0 -0 1.99712 0 1 0 -12.995 0 0 1 0.168426 0 0 -0 1
右肩飾1-1	1 0 -0 2.09269 0 1 0 -13.2266 0 0 1 0.149616 0 0 -0 1
右肩飾1-2	1 0 -0 2.43456 0 1 0 -12.7571 0 0 1 -0.211324 0 0 -0 1
右肩飾2-1	1 0 -0 2.09187 0 1 0 -13.2192 0 0 1 0.158719 0 0 -0 1
右肩飾2-2	1 0 -0 2.5596 0 1 0 -12.8598 0 0 1 0.52758 0 0 -0 1
右肩飾3-1	1 0 -0 2.08607 0 1 0 -13.2291 0 0 1 0.154176 0 0 -0 1
右肩飾3-2	1 0 -0 2.37463 0 1 0 -13.8111 0 0 1 -0.249794 0 0 -0 1
右肩飾3-3	1 0 -0 2.29726 0 1 0 -14.5888 0 0 1 0.106313 0 0 -0 1
右肩飾3-4	1 0 -0 1.91287 0 1 0 -13.8257 0 0 1 0.841661 0 0 -0 1
右袖	1 0 -0 2.45057 0 1 0 -12.4883 0 0 1 0.125312 0 0 -0 1
右袖1-1	1 0 -0 1.92571 0 1 0 -12.4277 0 0 1 0.493394 0 0 -0 1
右袖1-2	1 0 -0 2.34959 0 1 0 -11.8809 0 0 1 0.799693 0 0 -0 1
右袖1-3	1 0 -0 2.59447 0 1 0 -11.4484 0 0 1 1.09139 0 0 -0 1
右袖1-4	1 0 -0 2.57655 0 1 0 -11.127 0 0 1 1.36813 0 0 -0 1
右袖1-5	1 0 -0 2.51843 0 1 0 -10.798 0 0 1 1.74136 0 0 -0 1
右袖1-6	1 0 -0 2.46218 0 1 0 -10.4614 0 0 1 2.13346 0 0 -0 1
右袖1-7	1 0 -0 2.42389 0 1 0 -10.149 0 0 1 2.49643 0 0 -0 1
右袖1-8	1 0 -0 2.36283 0 1 0 -9.84764 0 0 1 2.87846 0 0 -0 1
右袖1-9	1 0 -0 2.32791 0 1 0 -9.51636 0 0 1 3.30222 0 0 -0 1
右袖1-10	1 0 -0 2.28901 0 1 0 -9.32697 0 0 1 3.61098 0 0 -0 1
右袖11-1	1 0 -0 1.84814 0 1 0 -11.9482 0 0 1 0.949359 0 0 -0 1
右袖2-1	1 0 -0 3.80968 0 1 0 -11.1737 0 0 1 0.511498 0 0 -0 1
右袖2-2	1 0 -0 3.7673 0 1 0 -10.8306 0 0 1 0.964173 0 0 -0 1
右袖2-3	1 0 -0 3.74319 0 1 0 -10.6338 0 0 1 1.22359 0 0 -0 1
右袖2-4	1 0 -0 3.71622 0 1 0 -10.4138 0 0 1 1.51366 0 0 -0 1
右袖2-5	1 0 -0 3.67422 0 1 0 -10.071 0 0 1 1.96555 0 0 -0 1
右袖2-6	1 0 -0 3.64074 0 1 0 -9.79781 0 0 1 2.32563 0 0 -0 1
右袖2-7	1 0 -0 3.59945 0 1 0 -9.46082 0 0 1 2.76987 0 0 -0 1
右袖2-8	1 0 -0 3.56584 0 1 0 -9.18655 0 0 1 3.13143 0 0 -0 1
右袖2-9	1 0 -0 3.52937 0 1 0 -8.88889 0 0 1 3.52381 0 0 -0 1
右袖鈴1	1 0 -0 4.01644 0 1 0 -8.43892 0 0 1 3.52562 0 0 -0 1
右袖鈴2	1 0 -0 3.98718 0 1 0 -8.14694 0 0 1 3.914 0 0 -0 1
右袖鈴3	1 0 -0 3.93447 0 1 0 -7.62089 0 0 1 4.61371 0 0 -0 1
左袖	1 0 0 -2.45057 0 1 0 -12.4883 0 0 1 0.125312 0 0 -0 1
左袖1-1	1 0 0 -1.92572 0 1 0 -12.4277 0 0 1 0.493401 0 0 -0 1
左袖1-2	1 0 0 -2.34959 0 1 0 -11.8809 0 0 1 0.799701 0 0 -0 1
左袖1-3	1 0 0 -2.59447 0 1 0 -11.4484 0 0 1 1.09138 0 0 -0 1
左袖1-4	1 0 0 -2.57655 0 1 0 -11.127 0 0 1 1.36815 0 0 -0 1
左袖1-5	1 0 0 -2.51844 0 1 0 -10.798 0 0 1 1.74136 0 0 -0 1
左袖1-6	1 0 0 -2.46217 0 1 0 -10.4614 0 0 1 2.13346 0 0 -0 1
左袖1-7	1 0 0 -2.42389 0 1 0 -10.149 0 0 1 2.49643 0 0 -0 1
左袖1-8	1 0 0 -2.36282 0 1 0 -9.84763 0 0 1 2.87846 0 0 -0 1
左袖1-9	1 0 0 -2.3279 0 1 0 -9.51636 0 0 1 3.30222 0 0 -0 1
左袖1-10	1 0 0 -2.28899 0 1 0 -9.32696 0 0 1 3.61098 0 0 -0 1
左袖11-1	1 0 0 -1.84815 0 1 0 -11.9482 0 0 1 0.949359 0 0 -0 1
左袖2-1	1 0 0 -3.80968 0 1 0 -11.1737 0 0 1 0.511498 0 0 -0 1
左袖2-2	1 0 0 -3.76729 0 1 0 -10.8306 0 0 1 0.964173 0 0 -0 1
左袖2-3	1 0 0 -3.74319 0 1 0 -10.6338 0 0 1 1.2236 0 0 -0 1
左袖2-4	1 0 0 -3.71622 0 1 0 -10.4138 0 0 1 1.51367 0 0 -0 1
左袖2-5	1 0 0 -3.67421 0 1 0 -10.071 0 0 1 1.96555 0 0 -0 1
左袖2-6	1 0 0 -3.64074 0 1 0 -9.79782 0 0 1 2.32564 0 0 -0 1
左袖2-7	1 0 0 -3.59944 0 1 0 -9.46082 0 0 1 2.76988 0 0 -0 1
左袖2-8	1 0 0 -3.56584 0 1 0 -9.18655 0 0 1 3.13143 0 0 -0 1
左袖2-9	1 0 0 -3.52936 0 1 0 -8.88889 0 0 1 3.52381 0 0 -0 1
左袖鈴1	1 0 0 -4.01644 0 1 0 -8.43893 0 0 1 3.52562 0 0 -0 1
左袖鈴2	1 0 0 -3.98718 0 1 0 -8.14693 0 0 1 3.914 0 0 -0 1
左袖鈴3	1 0 0 -3.93447 0 1 0 -7.62088 0 0 1 4.61371 0 0 -0 1
中領1	1 0 0 -2.96919e-08 0 1 0 -13.8087 0 0 1 0.750291 0 0 -0 1
中領2	1 0 0 -2.68593e-08 0 1 0 -13.4577 0 0 1 0.7952 0 0 -0 1
中領3	1 0 0 -3.06964e-08 0 1 0 -13.1719 0 0 1 0.840853 0 0 -0 1
右領1	1 0 -0 0.513023 0 1 0 -13.7979 0 0 1 0.686704 0 0 -0 1
右領2	1 0 -0 0.532995 0 1 0 -13.4568 0 0 1 0.751371 0 0 -0 1
右領3	1 0 -0 0.552966 0 1 0 -13.1157 0 0 1 0.816037 0 0 -0 1
右領4	1 0 -0 0.613336 0 1 0 -12.1874 0 0 1 0.990368 0 0 -0 1
左領1	1 0 0 -0.513024 0 1 0 -13.7979 0 0 1 0.686708 0 0 -0 1
左領2	1 0 0 -0.532996 0 1 0 -13.4568 0 0 1 0.751374 0 0 -0 1
左領3	1 0 0 -0.552967 0 1 0 -13.1157 0 0 1 0.81604 0 0 -0 1
左領4	1 0 0 -0.613337 0 1 0 -12.1874 0 0 1 0.990371 0 0 -0 1
劉海1-1	1 0 -0 0.366366 0 1 0 -16.3652 0 0 1 -1.17215 0 0 -0 1
劉海1-2	1 0 -0 0.381844 0 1 0 -16.0094 0 0 1 -1.16221 0 0 -0 1
劉海2-1	1 0 -0 0.0334569 0 1 0 -16.3684 0 0 1 -1.25233 0 0 -0 1
劉海2-2	1 0 -0 0.0334569 0 1 0 -16.0121 0 0 1 -1.25233 0 0 -0 1
劉海3-1	1 0 0 -0.320502 0 1 0 -16.3703 0 0 1 -1.2198 0 0 -0 1
劉海3-2	1 0 0 -0.321588 0 1 0 -16.0141 0 0 1 -1.2221 0 0 -0 1
右側髪	1 0 -0 0.944563 0 1 0 -16.2444 0 0 1 -0.463346 0 0 -0 1
右側髪1-1	1 0 -0 0.887739 0 1 0 -15.8399 0 0 1 -0.73101 0 0 -0 1
右側髪1-2	1 0 -0 0.890846 0 1 0 -15.305 0 0 1 -0.682317 0 0 -0 1
右側髪1-3	1 0 -0 0.746803 0 1 0 -14.7161 0 0 1 -0.716186 0 0 -0 1
右側髪2-1	1 0 -0 1.01903 0 1 0 -15.7013 0 0 1 -0.41909 0 0 -0 1
右側髪2-2	1 0 -0 1.16785 0 1 0 -15.1594 0 0 1 -0.277879 0 0 -0 1
右側髪3-1	1 0 -0 1.10944 0 1 0 -15.7043 0 0 1 -0.198419 0 0 -0 1
右側髪3-2	1 0 -0 1.12727 0 1 0 -15.1923 0 0 1 -0.0721257 0 0 -0 1
右側髪4-1	1 0 -0 1.1552 0 1 0 -16.1651 0 0 1 -0.493228 0 0 -0 1
右側髪4-2	1 0 -0 1.40715 0 1 0 -15.7819 0 0 1 -0.410339 0 0 -0 1
右側髪5-1	1 0 -0 1.05403 0 1 0 -15.8906 0 0 1 -0.646762 0 0 -0 1
右側髪5-2	1 0 -0 1.17148 0 1 0 -15.372 0 0 1 -0.588439 0 0 -0 1
右側髪6-1	1 0 -0 1.06611 0 1 0 -15.9626 0 0 1 -0.45462 0 0 -0 1
右側髪6-2	1 0 -0 1.23358 0 1 0 -15.5018 0 0 1 -0.274504 0 0 -0 1
左馬尾1-0	1 0 0 -1.26327 0 1 0 -17.5531 0 0 1 0.646224 0 0 -0 1
左馬尾1-1	1 0 0 -1.26327 0 1 0 -17.0435 0 0 1 0.646224 0 0 -0 1
左馬尾1-2	1 0 0 -1.38236 0 1 0 -16.1878 0 0 1 0.887996 0 0 -0 1
左馬尾1-3	1 0 0 -1.50144 0 1 0 -15.3321 0 0 1 1.12977 0 0 -0 1
左馬尾1-4	1 0 0 -1.7931 0 1 0 -14.4911 0 0 1 1.41959 0 0 -0 1
左馬尾1-5	1 0 0 -2.08476 0 1 0 -13.6502 0 0 1 1.7094 0 0 -0 1
左馬尾1-6	1 0 0 -2.41504 0 1 0 -12.9593 0 0 1 2.06173 0 0 -0 1
左馬尾1-7	1 0 0 -2.74531 0 1 0 -12.2685 0 0 1 2.41406 0 0 -0 1
左馬尾1-8	1 0 0 -3.00326 0 1 0 -11.7313 0 0 1 2.75722 0 0 -0 1
左馬尾1-9	1 0 0 -3.26121 0 1 0 -11.1941 0 0 1 3.10037 0 0 -0 1
左馬尾1-10	1 0 0 -3.63813 0 1 0 -10.6728 0 0 1 3.51492 0 0 -0 1
左馬尾1-11	1 0 0 -4.01505 0 1 0 -10.1514 0 0 1 3.92946 0 0 -0 1
左馬尾1-12	1 0 0 -4.36336 0 1 0 -9.44931 0 0 1 4.21228 0 0 -0 1
左馬尾1-13	1 0 0 -4.71167 0 1 0 -8.74718 0 0 1 4.49509 0 0 -0 1
左馬尾1-14	1 0 0 -4.5308 0 1 0 -6.99884 0 0 1 4.49509 0 0 -0 1
右馬尾1-0	1 0 -0 1.26327 0 1 0 -17.5532 0 0 1 0.646224 0 0 -0 1
右馬尾1-1	1 0 -0 1.26327 0 1 0 -17.0436 0 0 1 0.646224 0 0 -0 1
右馬尾1-2	1 0 -0 1.38236 0 1 0 -16.1878 0 0 1 0.887996 0 0 -0 1
右馬尾1-3	1 0 -0 1.50145 0 1 0 -15.3321 0 0 1 1.12977 0 0 -0 1
右馬尾1-4	1 0 -0 1.79311 0 1 0 -14.4911 0 0 1 1.41959 0 0 -0 1
右馬尾1-5	1 0 -0 2.08477 0 1 0 -13.6502 0 0 1 1.70941 0 0 -0 1
右馬尾1-6	1 0 -0 2.41504 0 1 0 -12.9593 0 0 1 2.06173 0 0 -0 1
右馬尾1-7	1 0 -0 2.74531 0 1 0 -12.2685 0 0 1 2.41406 0 0 -0 1
右馬尾1-8	1 0 -0 3.00326 0 1 0 -11.7313 0 0 1 2.75721 0 0 -0 1
右馬尾1-9	1 0 -0 3.26121 0 1 0 -11.1941 0 0 1 3.10037 0 0 -0 1
右馬尾1-10	1 0 -0 3.64199 0 1 0 -10.6728 0 0 1 3.51491 0 0 -0 1
右馬尾1-11	1 0 -0 4.02278 0 1 0 -10.1515 0 0 1 3.92946 0 0 -0 1
右馬尾1-12	1 0 -0 4.36722 0 1 0 -9.44932 0 0 1 4.21228 0 0 -0 1
右馬尾1-13	1 0 -0 4.71167 0 1 0 -8.74718 0 0 1 4.4951 0 0 -0 1
右馬尾1-14	1 0 -0 4.5308 0 1 0 -6.99884 0 0 1 4.4951 0 0 -0 1
右碎髮1-1	1 0 -0 1.13153 0 1 0 -16.2989 0 0 1 -0.235533 0 0 -0 1
右碎髮1-2	1 0 -0 1.25632 0 1 0 -15.8677 0 0 1 0.0400244 0 0 -0 1
左側髪1	1 0 0 -0.927159 0 1 0 -16.0352 0 0 1 -0.566909 0 0 -0 1
左側髪2	1 0 0 -0.916145 0 1 0 -15.4361 0 0 1 -0.55988 0 0 -0 1
左側髪3	1 0 0 -0.8536 0 1 0 -14.8403 0 0 1 -0.578292 0 0 -0 1
左側髪4	1 0 0 -0.724232 0 1 0 -14.2705 0 0 1 -0.621578 0 0 -0 1
左侧髪1-1	1 0 0 -1.05935 0 1 0 -16.0072 0 0 1 -0.407159 0 0 -0 1
左侧髪1-2	1 0 0 -1.15871 0 1 0 -15.5969 0 0 1 -0.296995 0 0 -0 1
左侧髪1-3	1 0 0 -1.25297 0 1 0 -14.9941 0 0 1 -0.254807 0 0 -0 1
左侧髪11-1	1 0 0 -1.21217 0 1 0 -15.4288 0 0 1 0.040281 0 0 -0 1
左侧髪12-1	1 0 0 -1.33468 0 1 0 -15.6393 0 0 1 -0.11238 0 0 -0 1
左侧髪2-1	1 0 0 -0.792602 0 1 0 -15.7804 0 0 1 -0.861815 0 0 -0 1
左侧髪2-2	1 0 0 -0.740322 0 1 0 -15.411 0 0 1 -0.862913 0 0 -0 1
耳环1	1 0 0 -0.704808 0 1 0 -15.2463 0 0 1 -0.150123 0 0 -0 1
耳环2	1 0 0 -0.704808 0 1 0 -15.1535 0 0 1 -0.150123 0 0 -0 1
耳环3	1 0 0 -0.704808 0 1 0 -14.9622 0 0 1 -0.150123 0 0 -0 1
帽	1 0 -0 0.504439 0 1 0 -17.5488 0 0 1 -0.122868 0 0 -0 1
帽饰1	1 0 -0 1.39553 0 1 0 -16.6856 0 0 1 -0.353863 0 0 -0 1
帽饰2	1 0 -0 1.39553 0 1 0 -16.359 0 0 1 -0.353863 0 0 -0 1
颈饰	1 0 0 -0.156205 0 1 0 -14.5568 0 0 1 -0.216839 0 0 -0 1
颈饰1	1 0 0 -0.106079 0 1 0 -14.3777 0 0 1 -0.227913 0 0 -0 1
颈饰2	1 0 0 -0.20633 0 1 0 -14.3781 0 0 1 -0.205765 0 0 -0 1
腰結	1 0 0 -0.335822 0 1 0 -11.9079 0 0 1 -1.28583 0 0 -0 1
腰帽	1 0 0 -0.38897 0 1 0 -12.2608 0 0 1 -1.41477 0 0 -0 1
左兔耳	1 0 0 -0.643102 0 1 0 -12.2795 0 0 1 -1.29379 0 0 -0 1
右兔耳	1 0 0 -0.11456 0 1 0 -12.2299 0 0 1 -1.4231 0 0 -0 1
右大結	1 0 -0 0.0703398 0 1 0 -11.5694 0 0 1 -1.25499 0 0 -0 1
左大結	1 0 0 -0.765738 0 1 0 -11.5528 0 0 1 -1.11118 0 0 -0 1
玩偶結帶1-1	1 0 0 -0.426227 0 1 0 -11.2804 0 0 1 -1.19263 0 0 -0 1
玩偶結帶1-2	1 0 0 -0.523226 0 1 0 -10.4579 0 0 1 -1.42808 0 0 -0 1
玩偶結帶1-3	1 0 0 -0.597868 0 1 0 -9.82487 0 0 1 -1.58945 0 0 -0 1
玩偶結1	1 0 0 -0.363624 0 1 0 -11.3254 0 0 1 -1.20076 0 0 -0 1
玩偶結2	1 0 0 -0.499378 0 1 0 -11.3485 0 0 1 -1.17175 0 0 -0 1
玩偶結帶2-1	1 0 0 -0.497756 0 1 0 -11.2869 0 0 1 -1.1746 0 0 -0 1
玩偶結帶2-2	1 0 0 -0.748827 0 1 0 -10.4748 0 0 1 -1.3331 0 0 -0 1
左鈴鐺結	1 0 0 -0.562334 0 1 0 -11.4358 0 0 1 -1.27285 0 0 -0 1
右鈴鐺結	1 0 0 -0.304522 0 1 0 -11.4208 0 0 1 -1.33311 0 0 -0 1
後腰結	1 0 -0 0.414495 0 1 0 -11.5828 0 0 1 0.501716 0 0 -0 1
後腰結帶1-1	1 0 -0 0.462157 0 1 0 -11.5935 0 0 1 0.560074 0 0 -0 1
後腰結帶1-2	1 0 -0 0.462157 0 1 0 -11.1151 0 0 1 0.830292 0 0 -0 1
後腰結1-1	1 0 -0 0.510757 0 1 0 -11.6325 0 0 1 0.576224 0 0 -0 1
後腰結1-2	1 0 -0 0.816483 0 1 0 -11.6845 0 0 1 0.616689 0 0 -0 1
後腰結2-1	1 0 -0 0.396965 0 1 0 -11.6392 0 0 1 0.566721 0 0 -0 1
後腰結擺1-1	1 0 -0 0.474113 0 1 0 -11.558 0 0 1 0.402646 0 0 -0 1
後腰結擺1-2	1 0 -0 0.474113 0 1 0 -10.9948 0 0 1 0.715612 0 0 -0 1
後腰結擺1-3	1 0 -0 0.474113 0 1 0 -10.4316 0 0 1 1.02858 0 0 -0 1
後腰結擺1-4	1 0 -0 0.521688 0 1 0 -9.8169 0 0 1 1.37977 0 0 -0 1
後腰結擺1-5	1 0 -0 0.569263 0 1 0 -9.20223 0 0 1 1.77461 0 0 -0 1
裙_0_0	1 0 0 -1.2716e-08 0 1 0 -11.1535 0 0 1 -1.1437 0 0 -0 1
裙_0_1	1 0 0 -0.364711 0 1 0 -11.1535 0 0 1 -1.09558 0 0 -0 1
裙_0_2	1 0 0 -0.685432 0 1 0 -11.1535 0 0 1 -0.957045 0 0 -0 1
裙_0_3	1 0 0 -0.92348 0 1 0 -11.1535 0 0 1 -0.744793 0 0 -0 1
裙_0_4	1 0 0 -1.05014 0 1 0 -11.1535 0 0 1 -0.484427 0 0 -0 1
裙_0_5	1 0 0 -1.05014 0 1 0 -11.1535 0 0 1 -0.207352 0 0 -0 1
裙_0_6	1 0 0 -0.92348 0 1 0 -11.1535 0 0 1 0.0530136 0 0 -0 1
裙_0_7	1 0 0 -0.685432 0 1 0 -11.1535 0 0 1 0.265266 0 0 -0 1
裙_0_8	1 0 0 -0.364711 0 1 0 -11.1535 0 0 1 0.403803 0 0 -0 1
裙_0_9	1 0 -0 4.66113e-08 0 1 0 -11.1535 0 0 1 0.451917 0 0 -0 1
裙_0_10	1 0 -0 0.364711 0 1 0 -11.1535 0 0 1 0.403803 0 0 -0 1
裙_0_11	1 0 -0 0.685432 0 1 0 -11.1535 0 0 1 0.265265 0 0 -0 1
裙_0_12	1 0 -0 0.92348 0 1 0 -11.1535 0 0 1 0.0530134 0 0 -0 1
裙_0_13	1 0 -0 1.05014 0 1 0 -11.1535 0 0 1 -0.207352 0 0 -0 1
裙_0_14	1 0 -0 1.05014 0 1 0 -11.1535 0 0 1 -0.484427 0 0 -0 1
裙_0_15	1 0 -0 0.92348 0 1 0 -11.1535 0 0 1 -0.744793 0 0 -0 1
裙_0_16	1 0 -0 0.685432 0 1 0 -11.1535 0 0 1 -0.957045 0 0 -0 1
裙_0_17	1 0 -0 0.364711 0 1 0 -11.1535 0 0 1 -1.09558 0 0 -0 1
裙_1_0	1 0 0 -1.47078e-08 0 1 0 -10.7013 0 0 1 -1.21734 0 0 -0 1
裙_1_1	1 0 0 -0.421838 0 1 0 -10.7013 0 0 1 -1.16161 0 0 -0 1
裙_1_2	1 0 0 -0.792795 0 1 0 -10.7013 0 0 1 -1.00114 0 0 -0 1
裙_1_3	1 0 0 -1.06813 0 1 0 -10.7013 0 0 1 -0.755287 0 0 -0 1
裙_1_4	1 0 0 -1.21463 0 1 0 -10.7013 0 0 1 -0.453707 0 0 -0 1
裙_1_5	1 0 0 -1.21463 0 1 0 -10.7013 0 0 1 -0.132772 0 0 -0 1
裙_1_6	1 0 0 -1.06813 0 1 0 -10.7013 0 0 1 0.168809 0 0 -0 1
裙_1_7	1 0 0 -0.792795 0 1 0 -10.7013 0 0 1 0.414659 0 0 -0 1
裙_1_8	1 0 0 -0.421837 0 1 0 -10.7013 0 0 1 0.575127 0 0 -0 1
裙_1_9	1 0 -0 5.39123e-08 0 1 0 -10.7013 0 0 1 0.630857 0 0 -0 1
裙_1_10	1 0 -0 0.421838 0 1 0 -10.7013 0 0 1 0.575127 0 0 -0 1
裙_1_11	1 0 -0 0.792795 0 1 0 -10.7013 0 0 1 0.414659 0 0 -0 1
裙_1_12	1 0 -0 1.06813 0 1 0 -10.7013 0 0 1 0.168808 0 0 -0 1
裙_1_13	1 0 -0 1.21463 0 1 0 -10.7013 0 0 1 -0.132772 0 0 -0 1
裙_1_14	1 0 -0 1.21463 0 1 0 -10.7013 0 0 1 -0.453707 0 0 -0 1
裙_1_15	1 0 -0 1.06813 0 1 0 -10.7013 0 0 1 -0.755287 0 0 -0 1
裙_1_16	1 0 -0 0.792795 0 1 0 -10.7013 0 0 1 -1.00114 0 0 -0 1
裙_1_17	1 0 -0 0.421838 0 1 0 -10.7013 0 0 1 -1.16161 0 0 -0 1
裙_2_0	1 0 0 -1.69826e-08 0 1 0 -10.1697 0 0 1 -1.30606 0 0 -0 1
裙_2_1	1 0 0 -0.487081 0 1 0 -10.1697 0 0 1 -1.24135 0 0 -0 1
裙_2_2	1 0 0 -0.915412 0 1 0 -10.1697 0 0 1 -1.05501 0 0 -0 1
裙_2_3	1 0 0 -1.23333 0 1 0 -10.1697 0 0 1 -0.769533 0 0 -0 1
裙_2_4	1 0 0 -1.40249 0 1 0 -10.1697 0 0 1 -0.41934 0 0 -0 1
裙_2_5	1 0 0 -1.40249 0 1 0 -10.1697 0 0 1 -0.0466737 0 0 -0 1
裙_2_6	1 0 0 -1.23333 0 1 0 -10.1697 0 0 1 0.303518 0 0 -0 1
裙_2_7	1 0 0 -0.915412 0 1 0 -10.1697 0 0 1 0.588998 0 0 -0 1
裙_2_8	1 0 0 -0.487081 0 1 0 -10.1697 0 0 1 0.775331 0 0 -0 1
裙_2_9	1 0 -0 6.22507e-08 0 1 0 -10.1697 0 0 1 0.840044 0 0 -0 1
裙_2_10	1 0 -0 0.487081 0 1 0 -10.1697 0 0 1 0.775331 0 0 -0 1
裙_2_11	1 0 -0 0.915412 0 1 0 -10.1697 0 0 1 0.588997 0 0 -0 1
裙_2_12	1 0 -0 1.23333 0 1 0 -10.1697 0 0 1 0.303518 0 0 -0 1
裙_2_13	1 0 -0 1.40249 0 1 0 -10.1697 0 0 1 -0.0466739 0 0 -0 1
裙_2_14	1 0 -0 1.40249 0 1 0 -10.1697 0 0 1 -0.419341 0 0 -0 1
裙_2_15	1 0 -0 1.23333 0 1 0 -10.1697 0 0 1 -0.769533 0 0 -0 1
裙_2_16	1 0 -0 0.915412 0 1 0 -10.1697 0 0 1 -1.05501 0 0 -0 1
裙_2_17	1 0 -0 0.487081 0 1 0 -10.1697 0 0 1 -1.24135 0 0 -0 1
裙_3_0	1 0 0 -1.95861e-08 0 1 0 -9.54305 0 0 1 -1.40426 0 0 -0 1
裙_3_1	1 0 0 -0.561754 0 1 0 -9.54305 0 0 1 -1.32956 0 0 -0 1
裙_3_2	1 0 0 -1.05575 0 1 0 -9.54305 0 0 1 -1.11448 0 0 -0 1
裙_3_3	1 0 0 -1.42241 0 1 0 -9.54305 0 0 1 -0.784948 0 0 -0 1
裙_3_4	1 0 0 -1.61751 0 1 0 -9.54305 0 0 1 -0.380718 0 0 -0 1
裙_3_5	1 0 0 -1.61751 0 1 0 -9.54305 0 0 1 0.0494535 0 0 -0 1
裙_3_6	1 0 0 -1.42241 0 1 0 -9.54305 0 0 1 0.453683 0 0 -0 1
裙_3_7	1 0 0 -1.05575 0 1 0 -9.54305 0 0 1 0.783213 0 0 -0 1
裙_3_8	1 0 0 -0.561754 0 1 0 -9.54305 0 0 1 0.998299 0 0 -0 1
裙_3_9	1 0 -0 7.17942e-08 0 1 0 -9.54305 0 0 1 1.073 0 0 -0 1
裙_3_10	1 0 -0 0.561754 0 1 0 -9.54305 0 0 1 0.998299 0 0 -0 1
裙_3_11	1 0 -0 1.05575 0 1 0 -9.54305 0 0 1 0.783213 0 0 -0 1
裙_3_12	1 0 -0 1.42241 0 1 0 -9.54305 0 0 1 0.453682 0 0 -0 1
裙_3_13	1 0 -0 1.61751 0 1 0 -9.54305 0 0 1 0.0494533 0 0 -0 1
裙_3_14	1 0 -0 1.61751 0 1 0 -9.54305 0 0 1 -0.380719 0 0 -0 1
裙_3_15	1 0 -0 1.42241 0 1 0 -9.54305 0 0 1 -0.784948 0 0 -0 1
裙_3_16	1 0 -0 1.05575 0 1 0 -9.54305 0 0 1 -1.11448 0 0 -0 1
裙_3_17	1 0 -0 0.561754 0 1 0 -9.54305 0 0 1 -1.32956 0 0 -0 1
裙_4_0	1 0 0 -2.25643e-08 0 1 0 -8.80566 0 0 1 -1.50635 0 0 -0 1
裙_4_1	1 0 0 -0.647171 0 1 0 -8.80566 0 0 1 -1.42103 0 0 -0 1
裙_4_2	1 0 0 -1.21628 0 1 0 -8.80566 0 0 1 -1.17535 0 0 -0 1
裙_4_3	1 0 0 -1.63869 0 1 0 -8.80566 0 0 1 -0.798952 0 0 -0 1
裙_4_4	1 0 0 -1.86345 0 1 0 -8.80566 0 0 1 -0.337232 0 0 -0 1
裙_4_5	1 0 0 -1.86345 0 1 0 -8.80566 0 0 1 0.154121 0 0 -0 1
裙_4_6	1 0 0 -1.63869 0 1 0 -8.80566 0 0 1 0.615842 0 0 -0 1
裙_4_7	1 0 0 -1.21628 0 1 0 -8.80566 0 0 1 0.99224 0 0 -0 1
裙_4_8	1 0 0 -0.64717 0 1 0 -8.80566 0 0 1 1.23792 0 0 -0 1
裙_4_9	1 0 -0 8.27107e-08 0 1 0 -8.80566 0 0 1 1.32324 0 0 -0 1
裙_4_10	1 0 -0 0.647171 0 1 0 -8.80566 0 0 1 1.23792 0 0 -0 1
裙_4_11	1 0 -0 1.21628 0 1 0 -8.80566 0 0 1 0.99224 0 0 -0 1
裙_4_12	1 0 -0 1.63869 0 1 0 -8.80566 0 0 1 0.615842 0 0 -0 1
裙_4_13	1 0 -0 1.86345 0 1 0 -8.80566 0 0 1 0.154121 0 0 -0 1
裙_4_14	1 0 -0 1.86345 0 1 0 -8.80566 0 0 1 -0.337232 0 0 -0 1
裙_4_15	1 0 -0 1.63869 0 1 0 -8.80566 0 0 1 -0.798952 0 0 -0 1
裙_4_16	1 0 -0 1.21628 0 1 0 -8.80566 0 0 1 -1.17535 0 0 -0 1
裙_4_17	1 0 -0 0.647171 0 1 0 -8.80566 0 0 1 -1.42103 0 0 -0 1
裙_5_0	1 0 0 -2.59628e-08 0 1 0 -7.94184 0 0 1 -1.60672 0 0 -0 1
裙_5_1	1 0 0 -0.744644 0 1 0 -7.94184 0 0 1 -1.5105 0 0 -0 1
裙_5_2	1 0 0 -1.39947 0 1 0 -7.94184 0 0 1 -1.23344 0 0 -0 1
裙_5_3	1 0 0 -1.8855 0 1 0 -7.94184 0 0 1 -0.808966 0 0 -0 1
裙_5_4	1 0 0 -2.14412 0 1 0 -7.94184 0 0 1 -0.288271 0 0 -0 1
裙_5_5	1 0 0 -2.14412 0 1 0 -7.94184 0 0 1 0.265841 0 0 -0 1
裙_5_6	1 0 0 -1.8855 0 1 0 -7.94184 0 0 1 0.786536 0 0 -0 1
裙_5_7	1 0 0 -1.39947 0 1 0 -7.94184 0 0 1 1.21101 0 0 -0 1
裙_5_8	1 0 0 -0.744644 0 1 0 -7.94184 0 0 1 1.48807 0 0 -0 1
裙_5_9	1 0 -0 9.51681e-08 0 1 0 -7.94184 0 0 1 1.58429 0 0 -0 1
裙_5_10	1 0 -0 0.744644 0 1 0 -7.94184 0 0 1 1.48807 0 0 -0 1
裙_5_11	1 0 -0 1.39947 0 1 0 -7.94184 0 0 1 1.21101 0 0 -0 1
裙_5_12	1 0 -0 1.8855 0 1 0 -7.94184 0 0 1 0.786536 0 0 -0 1
裙_5_13	1 0 -0 2.14412 0 1 0 -7.94184 0 0 1 0.265841 0 0 -0 1
裙_5_14	1 0 -0 2.14412 0 1 0 -7.94184 0 0 1 -0.288271 0 0 -0 1
裙_5_15	1 0 -0 1.8855 0 1 0 -7.94184 0 0 1 -0.808966 0 0 -0 1
裙_5_16	1 0 -0 1.39947 0 1 0 -7.94184 0 0 1 -1.23344 0 0 -0 1
裙_5_17	1 0 -0 0.744644 0 1 0 -7.94184 0 0 1 -1.5105 0 0 -0 1
裙擺結帶1	1 0 0 -1.42775 0 1 0 -8.31773 0 0 1 1.42749 0 0 -0 1
裙擺結帶2	1 0 0 -1.5569 0 1 0 -7.4973 0 0 1 1.60608 0 0 -0 1
裙擺結1-1	1 0 0 -1.52936 0 1 0 -8.33515 0 0 1 1.39376 0 0 -0 1
裙擺結2-1	1 0 0 -1.35007 0 1 0 -8.33352 0 0 1 1.47843 0 0 -0 1
右足D	1 0 -0 0.739271 0 1 0 -9.76079 0 0 1 -0.216671 0 0 -0 1
右ひざD	1 0 -0 0.762768 0 1 0 -5.65968 0 0 1 -0.0510647 0 0 -0 1
右足首D	1 0 -0 0.784646 0 1 0 -1.11508 0 0 1 0.269253 0 0 -0 1
右足先EX	1 0 -0 0.747888 0 1 0 -0.51438 0 0 1 -0.428115 0 0 -0 1
左足D	1 0 0 -0.739271 0 1 0 -9.76079 0 0 1 -0.216671 0 0 -0 1
左ひざD	1 0 0 -0.762768 0 1 0 -5.65968 0 0 1 -0.0510647 0 0 -0 1
左足首D	1 0 0 -0.784646 0 1 0 -1.11508 0 0 1 0.269253 0 0 -0 1
左足先EX	1 0 0 -0.747888 0 1 0 -0.51438 0 0 1 -0.428115 0 0 -0 1
